
# 1 Fundamental matrix

运行 task0 程序可得两个场景的匹配点

![[CV/作业/imgs/img3/image.png]]

![[CV/作业/imgs/img3/image-1.png]]

---

求解基本矩阵时，构建 $AX=0$ 形式的方程，这里我使用了并行化构建，先得到每一列，再把所有列合并到一起

$$
(x'x, x'y, x', y'x, y'y, y', x, y, 1)
\begin{pmatrix}
f_{11} \\
f_{12} \\
f_{13} \\
f_{21} \\
f_{22} \\
f_{23} \\
f_{31} \\
f_{32} \\
f_{33}
\end{pmatrix}
= 0
$$

这种形式的方程可以通过对 $A$ 进行奇异值分解，取 $V$ 最后一列得到 $X$ ，再恢复一下形状

初步求解出的 $F$ ，其秩不一定是 2 ，需要通过调整使其满足这一约束，可以对其进行 SVD 分解，把 $\Sigma$ 中奇异值最小的一列去掉（一般是最后一列）

---

归一化时，对于一个图片中的一堆关键点，先进行中心化，即取其平均坐标作为中心点，把中心点平移到坐标原点，即每个点 $(x_i, y_i)$ 更新为 $(x_i - x_{\text{mean}}, y_i - y_{\text{mean}})$ 

$$
x_{\text{mean}} = \frac{1}{N} \sum_{i=1}^N x_i, \quad 
y_{\text{mean}} = \frac{1}{N} \sum_{i=1}^N y_i
$$

而后进行放缩，调整点的分布范围，使所有点到原点的平均距离为某个标准值（一般设为 $\sqrt{2}$ 像素）

$$
d_{\text{mean}} = \frac{1}{N} \sum_{i=1}^N \sqrt{x_i^2 + y_i^2}
$$

设放缩倍数为 $s$ ，则放缩后平均距离 $sd_{\text{mean}}=\sqrt2$ ，则

$$
s = \frac{\sqrt{2}}{d_{\text{mean}}}
$$

进一步更新坐标为 $(sx_i,sy_i)$

如果采用齐次坐标，则上述归一化可以用矩阵表示

$$T = 
\begin{bmatrix}
s & 0 & -s \cdot x_{\text{mean}} \\
0 & s & -s \cdot y_{\text{mean}} \\
0 & 0 & 1
\end{bmatrix}$$
假设两个图的归一化矩阵分别为 $T$ 和 $T'$ ，在使用归一化后的坐标计算 $F$ 后，需要再变回来

$$

F'=T'^TFT

$$

---

运行 task1 结果如下，不进行归一化时，误差相对较大，这是因为对于分辨率很大的图，$x$ 和 $y$ 也可能很大，此时乘积项将会非常大，导致数值不稳定

```
library：0.00016199946274979735
lab：0.0037671679110723526
```

>后面为了避免除 0 问题，把 `F / F[2, 2]` 变为 `F / (F[2, 2] + 1e-8)` ，误差值尾部几位有一些改变，但整体影响不大

![[CV/作业/imgs/img3/image-4.png]]

![[CV/作业/imgs/img3/image-5.png]]

进行归一化，误差小了很多

```
library：7.148906216991725e-05
lab：0.0006923630670767424
```

![[CV/作业/imgs/img3/image-2.png]]

![[CV/作业/imgs/img3/image-3.png]]

# 2 Camera Calibration

求解 $P$ 时，根据以下公式构建矩阵 $A$ ，这里仍然采用并行化的构建方式，把上下两行分别构建成一个矩阵，再交替的放到一起

$$

A_i =
\begin{pmatrix}
X_i & Y_i & Z_i & 1 & 0 & 0 & 0 & 0 & -x_i X_i & -x_i Y_i & -x_i Z_i & -x_i \\
0 & 0 & 0 & 0 & X_i & Y_i & Z_i & 1 & -y_i X_i & -y_i Y_i & -y_i Z_i & -y_i
\end{pmatrix}

$$

而后使用奇异值分解求解即可

运行 task2 可得以下 evaluate 结果

```
lab_a residual: 13.545832894885326, distance: 3.965229591406653
lab_b residual: 15.544953464915645, distance: 3.861780699808377
```

# 3 Calculate the camera matrices

在进一步获取相机参数时，我们已知

$$P=\begin{bmatrix}

p_{11} & p_{12} & p_{13} & p_{14} \\
p_{21} & p_{22} & p_{23} & p_{24} \\
p_{31} & p_{32} & p_{33} & p_{34}
\end{bmatrix}=K[R\quad t]$$
这可以进一步拆分为

$$

\begin{bmatrix}
p_{11} & p_{12} & p_{13}\\
p_{21} & p_{22} & p_{23}\\
p_{31} & p_{32} & p_{33}
\end{bmatrix}=KR\quad(1),\quad
\begin{bmatrix}
p_{14} \\
p_{24} \\
p_{34}
\end{bmatrix}=Kt\quad(2)

$$

需要对 $(1)$ 式中的矩阵进行 RQ 分解，但是 numpy 只有 QR 分解，我们知道 RQ 分解是行优先，且从最后一行开始进行正交化等过程的，为此可以先把矩阵上下翻转并转置，进行 QR 分解后，把结果翻转回来，并使 $K[2,2] = 1$

对于 $(2)$ ，由于 $K$ 为上三角阵，一般是可逆的，直接左乘 $K^{-1}$ 即可

运行 task3 可得以下结果

```
K:
 [[-179638.34933913     657.90673884  256968.02692176]
 [-126467.89908453  256778.2693891        0.        ]
 [   -329.20666832       0.               0.        ]]
 R:
 [[ 0.84996668 -0.5261548  -0.02679126]
 [-0.13167568 -0.16292373 -0.97781254]
 [-0.51011583 -0.83463584  0.20776153]]
 T:
 [ 4.03645917e-06  1.19300635e-06 -9.90834170e-07]
 ========================================

K:
 [[-465241.31575979    7266.43549299  665503.63345458]
 [-339003.31757613  669848.24549723       0.        ]
 [   -867.65374859       0.               0.        ]]
 R:
 [[ 0.43076697 -0.90177034 -0.03535629]
 [-0.21279825 -0.06342282 -0.97503561]
 [-0.8770158  -0.42753689  0.21921561]]
 T:
 [3.90487233e-06 1.13643863e-06 1.47519785e-06]
 ========================================

K:
 [[ 2.56991553e+10  1.11782140e+02  5.79790976e+10]
 [ 2.04317559e+10 -5.39711149e+10  0.00000000e+00]
 [ 1.00000000e+08  0.00000000e+00  0.00000000e+00]]
 R:
 [[ 0.00966193  0.44135514  0.8972805 ]
 [-0.98017972 -0.17338541  0.09583956]
 [-0.19787463  0.88042214 -0.43093212]]
 T:
 [ 2.80325559e-07  1.71299092e-08 -6.48524008e-08]
 ========================================

K:
 [[ 2.58430094e+10  7.30842584e+02  5.47469107e+10]
 [ 2.04985543e+10 -5.12933586e+10  0.00000000e+00]
 [ 1.00000000e+08  0.00000000e+00  0.00000000e+00]]
 R:
 [[-0.01861384  0.67624076  0.73644549]
 [-0.981381   -0.15319028  0.11586227]
 [-0.19116708  0.72057697 -0.6665013 ]]
 T:
 [ 2.80153919e-07  1.69482607e-08 -6.70661749e-08]
 ========================================
```

# 4 Triangulation

尽管课件中提到了一种把叉乘写为矩阵乘法的构建方式，但这里仍采用更稳健的常规方法，即先把 $x_i=PX_i$ 展开，再合并为 $AX=0$ 的形式（采用课件中的方法反而在 lab 的 assert 过不去了，这可能是因为叉乘写为矩阵会引入数值不稳定与方程的冗余，导致结果误差较大）

运行 task4 可得误差值如下

```
residual_3d: 0.0211726236273767
residual_3d: 0.002722983942952778
residual_3d: 0.011077730389496127
residual_3d: 0.004245103018938127
residual_3d: 0.025031369780900634
residual_3d: 0.008933203974270151
residual_3d: 0.0033067059500237386
residual_3d: 0.019311140447078805
residual_3d: 0.006461275290880088
residual_3d: 0.006383668175514154
residual_3d: 0.008582055172486678
residual_3d: 0.007016695227535676
residual_3d: 0.027744028627698317
residual_3d: 0.007180004808265221
residual_3d: 0.010947070119448276
residual_3d: 0.02841463179345953
residual_3d: 0.009947142474975438
residual_3d: 0.012927000304606627
residual_3d: 0.02297759884301664
residual_3d: 0.022030104405921316

residual_lab_a: 10.899446059070128, residual_lab_b: 1.5485148111134817
residual_library_a: 24.662071196868812, residual_library_b: 28.64953773526058
```

# 5 Fundamental matrix estimation without gt

由于不提供匹配点对，需要先自行获取，我使用了 cv2 的 sift 和 bfmatcher 来提取对应点，而后利用 RANSAC ，每次随机选取 8 组点并计算基本矩阵

通过查询可知，在使用 bfmatcher 后，一般还会加一个 Lowe's Ratio Test 进一步筛选匹配点（这在 lab2 也用到了），其过程是
- 对于图像 1 中的每个特征点，在图像 2 中找到最近邻和次近邻两个最佳匹配
- 如果 最近邻距离 / 次近邻距离 < 阈值（通常为0.7-0.8），则认为这是一个可靠的匹配

如果最近邻和次近邻距离很接近（此时 ratio 接近 1 ），说明该特征点在第二幅图像中有多个相似的候选点，匹配具有歧义性，应该被排除；如果最近邻距离远小于次近邻距离（此时 ratio 很小），说明该匹配是独特且可靠的

如果不加这个过程，得到的结果会非常乱（以 library 为例）

![[CV/作业/imgs/img3/image-6.png]]

---

运行 task5 程序可得

```
RANSAC Results: 100 inliers out of 138 matches
Average residual for inliers: 0.002984
```

![[CV/作业/imgs/img3/image-7.png]]

```
RANSAC Results: 82 inliers out of 184 matches
Average residual for inliers: 0.004458
```

![[CV/作业/imgs/img3/image-8.png]]




